第 0 次
-1	0	-1	-1	
-1	-1	-1	-1	
-1	-1	-1	-1	
-1	-1	-1	-1	
第 1 次
-1	0	-1	-1	
-1	-1	-1	-1	
-1	-1	-1	-1	
-1	-1	-1	-1	
第 2 次
1	0	-1	-1	
-1	-1	-1	-1	
-1	-1	-1	-1	
-1	-1	-1	-1	
第 3 次
1	0	-1	-1	
-1	-1	-1	-1	
-1	-1	-1	-1	
-1	-1	-1	-1	
第 4 次
1	0	-1	-1	
1	-1	-1	-1	
-1	-1	-1	-1	
-1	-1	-1	-1	
第 5 次
1	0	-1	-1	
1	1	-1	-1	
-1	-1	-1	-1	
-1	-1	-1	-1	
第 6 次
1	0	-1	-1	
1	1	0	-1	
-1	-1	-1	-1	
-1	-1	-1	-1	
第 7 次
1	0	2	-1	
1	1	0	-1	
-1	-1	-1	-1	
-1	-1	-1	-1	
第 8 次
1	0	2	2	
1	1	0	-1	
-1	-1	-1	-1	
-1	-1	-1	-1	
第 9 次
1	0	2	2	
1	1	0	-1	
-1	-1	-1	-1	
-1	-1	-1	-1	
第 10 次
1	0	2	2	
1	1	0	2	
-1	-1	-1	-1	
-1	-1	-1	-1	
第 11 次
1	0	2	2	
1	1	0	2	
-1	0	-1	-1	
-1	-1	-1	-1	
第 12 次
1	0	2	2	
1	1	0	2	
3	0	-1	-1	
-1	-1	-1	-1	
第 13 次
1	0	2	2	
1	1	0	2	
3	0	-1	-1	
-1	-1	-1	-1	
第 14 次
1	0	2	2	
1	1	0	2	
3	0	-1	-1	
3	-1	-1	-1	
第 15 次
1	0	2	2	
1	1	0	2	
3	0	-1	-1	
3	3	-1	-1	
第 16 次
1	0	2	2	
1	1	0	2	
3	0	0	-1	
3	3	-1	-1	
第 17 次
1	0	2	2	
1	1	0	2	
3	0	0	-1	
3	3	-1	-1	
第 18 次
1	0	2	2	
1	1	0	2	
3	0	0	4	
3	3	-1	-1	
第 19 次
1	0	2	2	
1	1	0	2	
3	0	0	4	
3	3	4	-1	
第 20 次
1	0	2	2	
1	1	0	2	
3	0	0	4	
3	3	4	4	
